Third Experiment -- Selection Methods Comparison

* Tournament

Algorithm Settings = POP_SIZE: 100, XO_RATE: 0.5, MUT_RATE: 0.1 :: 0, 0, 0, 0, 0, 0, 0, 0, 0, 0, 0, 0, 0, 0, 41, 0, 0, 0, 0, 0, 0, 0, 0, 0, 44, 0, 43, 40, 41, 24, 26, 0, 35, 38, 35, 46, 36, 26, 29, 31 
Algorithm Settings = POP_SIZE: 100, XO_RATE: 0.5, MUT_RATE: 0.1 :: 0, 0, 0, 0, 0, 0, 0, 0, 0, 0, 0, 0, 0, 0, 0, 0, 0, 0, 0, 41, 0, 32, 0, 27, 0, 31, 0, 34, 24, 31, 26, 39, 38, 27, 24, 34, 32, 26, 39, 29
Algorithm Settings = POP_SIZE: 100, XO_RATE: 0.5, MUT_RATE: 0.1 :: 0, 0, 0, 0, 0, 0, 0, 0, 0, 0, 0, 0, 0, 0, 0, 0, 0, 0, 0, 0, 0, 0, 0, 25, 31, 0, 37, 0, 0, 0, 0, 26, 0, 33, 25, 40, 38, 26, 37, 26

* Roulette

Algorithm Settings = POP_SIZE: 100, XO_RATE: 0.5, MUT_RATE: 0.1 :: 0, 0, 0, 0, 0, 0, 0, 0, 0, 0, 0, 0, 0, 0, 0, 0, 0, 0, 0, 0, 0, 0, 0, 0, 26, 0, 0, 27, 31, 0, 26, 33, 36, 36, 33, 0, 33, 32, 27, 32 
Algorithm Settings = POP_SIZE: 100, XO_RATE: 0.5, MUT_RATE: 0.1 :: 0, 0, 0, 0, 0, 0, 0, 0, 0, 0, 0, 0, 0, 0, 0, 0, 0, 0, 0, 0, 0, 0, 0, 0, 0, 0, 0, 0, 35, 30, 34, 34, 26, 28, 40, 23, 37, 35, 26, 26
Algorithm Settings = POP_SIZE: 100, XO_RATE: 0.5, MUT_RATE: 0.1 :: 0, 0, 0, 0, 0, 0, 0, 0, 0, 0, 0, 0, 0, 0, 0, 0, 0, 0, 0, 0, 0, 34, 0, 0, 0, 27, 31, 35, 0, 0, 27, 32, 26, 26, 27, 47, 33, 45, 33, 27 

* Ranking

Algorithm Settings = POP_SIZE: 100, XO_RATE: 0.5, MUT_RATE: 0.1 :: 0, 0, 0, 0, 0, 0, 0, 0, 0, 0, 0, 0, 0, 0, 0, 26, 0, 29, 0, 13, 0, 0, 31, 33, 0, 26, 4, 0, 31, 31, 0, 41, 31, 4, 33, 35, 32, 34, 28, 31
Algorithm Settings = POP_SIZE: 100, XO_RATE: 0.5, MUT_RATE: 0.1 :: 0, 0, 0, 0, 0, 0, 0, 0, 29, 0, 0, 0, 35, 0, 0, 0, 0, 0, 0, 0, 0, 33, 44, 26, 36, 36, 43, 0, 27, 37, 47, 31, 37, 26, 26, 28, 28, 26, 26, 4
Algorithm Settings = POP_SIZE: 100, XO_RATE: 0.5, MUT_RATE: 0.1 :: 0, 0, 0, 0, 0, 0, 0, 0, 0, 0, 0, 0, 0, 0, 0, 0, 0, 0, 0, 0, 0, 0, 36, 31, 0, 34, 45, 30, 34, 26, 42, 10, 37, 31, 36, 35, 27, 4, 26, 20