PART 1 - FITNESS

TGP CROSS AND CUT
================================================================
Algorithm Settings = POP_SIZE: 200, XO_RATE: 0.7, MUT_RATE: 1 :: 
0,0,0,0,0,0,0,0,0,0,0,0,0,0,0,0,0,0,0,1,1,2,3,4,6,6,9,10,10,14,16,17,17,18,18,23,27,24,26,27,27,27,31,32,42
TGP CROSS,CROSS,MUT,CUT
================================================================
Algorithm Settings = POP_SIZE: 200, XO_RATE: 0.7, MUT_RATE: 1 :: 
0,0,0,0,0,0,0,0,0,0,0,0,0,0,0,0,0,0,0,0,0,0,0,0,0,0,0,0,3,5,5,7,9,10,13,18,18,25,27,27,27,27,28,31,40

PART 2 - TIME
TGP CROSS AND CUT
================================================================
Algorithm Settings = POP_SIZE: 200, XO_RATE: 1, MUT_RATE: 1 :: 
0.0332796573638916
0.022691965103149414
0.04058194160461426
0.022978544235229492
0.036561012268066406
0.02704596519470215
0.030886173248291016
0.030170917510986328
0.028824329376220703
0.027150630950927734
0.03872084617614746
0.03291797637939453
0.07094883918762207
0.0493013858795166
0.07542109489440918
0.02642655372619629
0.05700349807739258
0.06191873550415039
0.036336421966552734
0.03500723838806152

TGP CROSS,CROSS,MUT,CUT
================================================================
Algorithm Settings = POP_SIZE: 200, XO_RATE: 1, MUT_RATE: 1 :: 
1.717618465423584
1.5938708782196045
1.7730896472930908
1.6673073768615723
1.93827486038208
1.9186983108520508
1.7616946697235107
1.8327851295471191
2.037799596786499
1.9577257633209229
1.8472867012023926
1.90236234664917
1.8597517013549805
2.1270217895507812
2.0094051361083984
2.027113676071167
2.103036642074585
2.4084978103637695
2.309420585632324
2.1601555347442627
