Sixth Experiment - Comparison TGP Lit, TGP, LGP

* Best Fitnesses
TGP Lit.: 56, 54, 52, 56, 46, 46, 44, 44, 44, 44, 44, 40, 42, 39, 42, 38, 38, 38, 36, 36,37, 0
TGP: 71, 68, 68, 47, 47, 47, 47, 47, 47, 47, 47, 47, 47, 47 ,47, 47, 47,47, 47, 47, 47, 47,0
LGP: 72, 58, 58, 58, 58, 58, 58, 58, 58, 58, 58, 58, 58, 50, 43, 26, 24, 24, 24, 24, 24, 24, 24, 20, 20, 20, 20, 20, 0

* Average Fitnesses
TGP Lit.: 88, 87, 85, 84, 83, 82, 81, 80, 79, 77, 76, 74, 73, 72, 69, 68, 67, 66, 65, 64, 62, 62
TGP: 83.44, 82.90, 82.38, 81, 81.66, 82.14, 82, 81.53, 81.49, 81.18, 81.5, 81.95, 81.73, 82.62, 81.53,82.82, 82.33, 82.46, 83.12, 82.36, 82.3, 81.23, 80.9
LGP: 84.0, 81.0, 79.0, 76.0, 73.0, 71.0, 70.0, 71.0, 71.0, 71.0, 71.0, 71.0, 72.0, 71.0, 71.0, 69.0, 65.0, 55.0, 55.0, 51.0, 48.0, 49.0, 48.0, 49.0, 53.0, 53.0, 49.0, 50.0, 49.0

* Worst Fitnesses 
TGP Lit.: 89, 89, 89, 89, 89, 89, 89, 89, 89, 89, 89, 89, 89, 89, 89, 89, 89, 89, 89, 89, 89, 89
TGP: 89, 89, 89, 89, 89, 89, 89, 89, 89, 89, 89, 89, 89, 89, 89, 89, 89, 89, 89, 89, 89, 89, 89
LGP: 89, 89, 89, 89, 89, 89, 89, 89, 89, 89, 89, 89, 89, 89, 89, 89, 89, 89, 89, 89, 89, 89, 89, 89, 89, 89, 89, 89, 89
