Second Experiment -- LGP Improvement II

* Without the Improvement

Algorithm Settings = POP_SIZE: 100, XO_RATE: 0.5, MUT_RATE: 0.1 :: 0, 0, 0, 0, 0, 0, 0, 0, 0, 0, 0, 0, 0, 0, 0, 44, 0, 38, 27, 41, 37, 0, 44, 34, 0, 32, 31, 45, 31, 29, 29, 26, 26, 4, 40, 34, 44, 26, 12, 36, 
Algorithm Settings = POP_SIZE: 100, XO_RATE: 0.5, MUT_RATE: 0.1 :: 0, 0, 0, 0, 0, 0, 0, 0, 0, 0, 0, 0, 0, 0, 0, 0, 53, 0, 34, 39, 31, 46, 46, 0, 32, 27, 0, 28, 0, 0, 30, 44, 27, 31, 29, 39, 33, 28, 35, 13, 
Algorithm Settings = POP_SIZE: 100, XO_RATE: 0.5, MUT_RATE: 0.1 :: 0, 0, 0, 0, 0, 0, 0, 0, 0, 0, 50, 0, 0, 40, 41, 0, 33, 42, 0, 0, 43, 26, 34, 47, 28, 0, 19, 37, 38, 31, 36, 0, 34, 27, 13, 40, 29, 26, 31, 31, 
Algorithm Settings = POP_SIZE: 100, XO_RATE: 0.5, MUT_RATE: 0.1 :: 0, 0, 0, 0, 0, 0, 0, 0, 0, 0, 0, 0, 0, 0, 0, 0, 0, 0, 47, 0, 0, 27, 0, 31, 44, 31, 44, 36, 49, 37, 42, 31, 30, 0, 0, 46, 29, 24, 32, 37, 

* With the Improvement

Algorithm Settings = POP_SIZE: 100, XO_RATE: 0.5, MUT_RATE: 0.1 :: 0, 0, 0, 0, 0, 0, 0, 0, 0, 0, 0, 0, 0, 0, 0, 46, 42, 0, 34, 43, 4, 28, 36, 40, 0, 25, 34, 30, 33, 0, 34, 43, 30, 40, 18, 27, 27, 41, 28, 32, 
Algorithm Settings = POP_SIZE: 100, XO_RATE: 0.5, MUT_RATE: 0.1 :: 0, 0, 0, 0, 0, 0, 0, 0, 0, 0, 0, 0, 0, 0, 0, 0, 0, 0, 0, 0, 44, 50, 39, 43, 48, 44, 26, 0, 0, 33, 40, 0, 37, 0, 12, 0, 0, 26, 34, 36, 
Algorithm Settings = POP_SIZE: 100, XO_RATE: 0.5, MUT_RATE: 0.1 :: 0, 0, 0, 0, 0, 0, 0, 0, 0, 0, 0, 0, 0, 0, 0, 0, 0, 0, 0, 0, 0, 39, 0, 43, 46, 43, 27, 26, 37, 27, 33, 40, 40, 41, 43, 28, 34, 20, 37, 40, 
Algorithm Settings = POP_SIZE: 100, XO_RATE: 0.5, MUT_RATE: 0.1 :: 0, 0, 0, 0, 0, 0, 0, 0, 0, 0, 0, 0, 0, 0, 0, 0, 0, 0, 0, 0, 0, 40, 39, 43, 27, 33, 45, 35, 0, 33, 36, 43, 0, 0, 31, 1, 27, 2, 0, 0, 